> ridge
                      CRIM            ZN        INDUS        CHAS          NOX         RM           AGE
  0 4.622385 -0.0003285083 -5.457510e-05 -0.005750035 0.008075497 -0.017070004 0.04276318  2.969236e-06
  1 4.605508 -0.0003506680 -5.302326e-05 -0.005728235 0.008091514 -0.016601219 0.04321172  1.313994e-07
  2 4.588872 -0.0003710151 -5.153322e-05 -0.005707384 0.008107008 -0.016155315 0.04364513 -2.578128e-06
  3 4.572470 -0.0003897084 -5.010074e-05 -0.005687413 0.008122007 -0.015730718 0.04406409 -5.167102e-06
  4 4.556295 -0.0004068907 -4.872195e-05 -0.005668261 0.008136535 -0.015325994 0.04446925 -7.642665e-06
  5 4.540341 -0.0004226905 -4.739332e-05 -0.005649872 0.008150613 -0.014939835 0.04486122 -1.001141e-05
  6 4.524601 -0.0004372243 -4.611163e-05 -0.005632196 0.008164262 -0.014571043 0.04524055 -1.227942e-05
  7 4.509070 -0.0004505972 -4.487393e-05 -0.005615187 0.008177502 -0.014218520 0.04560778 -1.445234e-05
  8 4.493742 -0.0004629045 -4.367750e-05 -0.005598804 0.008190349 -0.013881259 0.04596340 -1.653541e-05
  9 4.478613 -0.0004742327 -4.251987e-05 -0.005583007 0.008202820 -0.013558332 0.04630789 -1.853347e-05
 10 4.463676 -0.0004846604 -4.139874e-05 -0.005567761 0.008214929 -0.013248885 0.04664167 -2.045104e-05
 11 4.448928 -0.0004942593 -4.031200e-05 -0.005553034 0.008226691 -0.012952129 0.04696518 -2.229234e-05
 12 4.434364 -0.0005030944 -3.925770e-05 -0.005538797 0.008238119 -0.012667336 0.04727880 -2.406129e-05
 13 4.419980 -0.0005112255 -3.823403e-05 -0.005525021 0.008249225 -0.012393830 0.04758290 -2.576156e-05
 14 4.405771 -0.0005187069 -3.723934e-05 -0.005511682 0.008260019 -0.012130986 0.04787784 -2.739657e-05
 15 4.391734 -0.0005255883 -3.627207e-05 -0.005498755 0.008270514 -0.011878222 0.04816395 -2.896952e-05
 16 4.377865 -0.0005319155 -3.533079e-05 -0.005486220 0.008280718 -0.011635000 0.04844155 -3.048343e-05
 17 4.364160 -0.0005377303 -3.441416e-05 -0.005474056 0.008290641 -0.011400816 0.04871094 -3.194112e-05
 18 4.350616 -0.0005430710 -3.352094e-05 -0.005462243 0.008300292 -0.011175202 0.04897240 -3.334523e-05
 19 4.337230 -0.0005479729 -3.264997e-05 -0.005450765 0.008309679 -0.010957721 0.04922621 -3.469826e-05
 20 4.323998 -0.0005524686 -3.180017e-05 -0.005439606 0.008318810 -0.010747965 0.04947263 -3.600254e-05
 21 4.310918 -0.0005565878 -3.097054e-05 -0.005428749 0.008327692 -0.010545551 0.04971190 -3.726029e-05
 22 4.297986 -0.0005603583 -3.016012e-05 -0.005418182 0.008336333 -0.010350124 0.04994426 -3.847359e-05
 23 4.285199 -0.0005638053 -2.936805e-05 -0.005407889 0.008344739 -0.010161347 0.05016994 -3.964439e-05
 24 4.272555 -0.0005669523 -2.859348e-05 -0.005397860 0.008352915 -0.009978906 0.05038914 -4.077455e-05
 25 4.260051 -0.0005698210 -2.783565e-05 -0.005388082 0.008360869 -0.009802507 0.05060209 -4.186582e-05
 26 4.247684 -0.0005724315 -2.709383e-05 -0.005378544 0.008368606 -0.009631871 0.05080897 -4.291987e-05
 27 4.235452 -0.0005748023 -2.636733e-05 -0.005369236 0.008376131 -0.009466739 0.05100996 -4.393824e-05
 28 4.223352 -0.0005769506 -2.565551e-05 -0.005360147 0.008383449 -0.009306865 0.05120527 -4.492244e-05
 29 4.211383 -0.0005788922 -2.495777e-05 -0.005351270 0.008390566 -0.009152016 0.05139504 -4.587387e-05
 30 4.199541 -0.0005806420 -2.427354e-05 -0.005342595 0.008397486 -0.009001975 0.05157946 -4.679386e-05
 31 4.187824 -0.0005822136 -2.360227e-05 -0.005334113 0.008404213 -0.008856536 0.05175869 -4.768368e-05
 32 4.176231 -0.0005836198 -2.294346e-05 -0.005325818 0.008410752 -0.008715503 0.05193286 -4.854454e-05
 33 4.164758 -0.0005848722 -2.229664e-05 -0.005317702 0.008417106 -0.008578693 0.05210214 -4.937757e-05
 34 4.153405 -0.0005859820 -2.166135e-05 -0.005309757 0.008423281 -0.008445932 0.05226666 -5.018387e-05
 35 4.142169 -0.0005869593 -2.103717e-05 -0.005301978 0.008429279 -0.008317054 0.05242656 -5.096446e-05
 36 4.131048 -0.0005878136 -2.042368e-05 -0.005294358 0.008435105 -0.008191903 0.05258197 -5.172034e-05
 37 4.120040 -0.0005885538 -1.982050e-05 -0.005286891 0.008440761 -0.008070332 0.05273301 -5.245244e-05
 38 4.109144 -0.0005891880 -1.922727e-05 -0.005279571 0.008446251 -0.007952199 0.05287981 -5.316166e-05
 39 4.098356 -0.0005897239 -1.864366e-05 -0.005272393 0.008451579 -0.007837372 0.05302248 -5.384884e-05
 40 4.087677 -0.0005901688 -1.806931e-05 -0.005265353 0.008456748 -0.007725723 0.05316115 -5.451481e-05
 41 4.077104 -0.0005905291 -1.750394e-05 -0.005258444 0.008461760 -0.007617131 0.05329590 -5.516033e-05
 42 4.066635 -0.0005908112 -1.694724e-05 -0.005251663 0.008466618 -0.007511483 0.05342686 -5.578615e-05
 43 4.056269 -0.0005910209 -1.639893e-05 -0.005245004 0.008471326 -0.007408669 0.05355412 -5.639298e-05
 44 4.046004 -0.0005911635 -1.585874e-05 -0.005238465 0.008475886 -0.007308585 0.05367777 -5.698149e-05
 45 4.035838 -0.0005912442 -1.532643e-05 -0.005232040 0.008480301 -0.007211131 0.05379792 -5.755234e-05
 46 4.025771 -0.0005912676 -1.480174e-05 -0.005225726 0.008484573 -0.007116215 0.05391465 -5.810613e-05
 47 4.015800 -0.0005912381 -1.428444e-05 -0.005219520 0.008488705 -0.007023746 0.05402806 -5.864347e-05
 48 4.005924 -0.0005911599 -1.377432e-05 -0.005213417 0.008492700 -0.006933637 0.05413822 -5.916492e-05
 49 3.996141 -0.0005910368 -1.327116e-05 -0.005207414 0.008496558 -0.006845806 0.05424523 -5.967102e-05
 50 3.986451 -0.0005908724 -1.277477e-05 -0.005201508 0.008500284 -0.006760177 0.05434915 -6.016229e-05
 51 3.976852 -0.0005906701 -1.228495e-05 -0.005195697 0.008503879 -0.006676672 0.05445007 -6.063924e-05
 52 3.967342 -0.0005904330 -1.180152e-05 -0.005189976 0.008507345 -0.006595221 0.05454806 -6.110234e-05
 53 3.957921 -0.0005901641 -1.132430e-05 -0.005184344 0.008510684 -0.006515756 0.05464319 -6.155206e-05
 54 3.948586 -0.0005898661 -1.085312e-05 -0.005178797 0.008513899 -0.006438210 0.05473554 -6.198883e-05
 55 3.939338 -0.0005895416 -1.038782e-05 -0.005173332 0.008516991 -0.006362521 0.05482517 -6.241307e-05
 56 3.930173 -0.0005891930 -9.928258e-06 -0.005167948 0.008519963 -0.006288628 0.05491215 -6.282520e-05
 57 3.921092 -0.0005888226 -9.474273e-06 -0.005162642 0.008522816 -0.006216475 0.05499654 -6.322559e-05
 58 3.912093 -0.0005884324 -9.025726e-06 -0.005157411 0.008525551 -0.006146005 0.05507840 -6.361464e-05
 59 3.903175 -0.0005880245 -8.582482e-06 -0.005152254 0.008528172 -0.006077165 0.05515779 -6.399270e-05
 60 3.894336 -0.0005876007 -8.144411e-06 -0.005147168 0.008530679 -0.006009905 0.05523478 -6.436011e-05
 61 3.885577 -0.0005871628 -7.711386e-06 -0.005142151 0.008533075 -0.005944176 0.05530941 -6.471722e-05
 62 3.876895 -0.0005867122 -7.283288e-06 -0.005137200 0.008535361 -0.005879931 0.05538175 -6.506433e-05
 63 3.868289 -0.0005862507 -6.860000e-06 -0.005132315 0.008537538 -0.005817125 0.05545184 -6.540176e-05
 64 3.859759 -0.0005857795 -6.441411e-06 -0.005127494 0.008539609 -0.005755714 0.05551974 -6.572981e-05
 65 3.851303 -0.0005853000 -6.027414e-06 -0.005122733 0.008541574 -0.005695657 0.05558550 -6.604877e-05
 66 3.842921 -0.0005848134 -5.617905e-06 -0.005118033 0.008543436 -0.005636913 0.05564917 -6.635890e-05
 67 3.834611 -0.0005843210 -5.212786e-06 -0.005113390 0.008545195 -0.005579445 0.05571078 -6.666049e-05
 68 3.826373 -0.0005838237 -4.811960e-06 -0.005108804 0.008546855 -0.005523214 0.05577040 -6.695377e-05
 69 3.818206 -0.0005833226 -4.415335e-06 -0.005104273 0.008548414 -0.005468186 0.05582807 -6.723900e-05
 70 3.810107 -0.0005828186 -4.022821e-06 -0.005099796 0.008549876 -0.005414326 0.05588382 -6.751643e-05
 71 3.802078 -0.0005823126 -3.634334e-06 -0.005095370 0.008551242 -0.005361601 0.05593771 -6.778627e-05
 72 3.794116 -0.0005818055 -3.249790e-06 -0.005090995 0.008552513 -0.005309979 0.05598976 -6.804875e-05
 73 3.786222 -0.0005812980 -2.869109e-06 -0.005086670 0.008553690 -0.005259428 0.05604003 -6.830408e-05
 74 3.778393 -0.0005807908 -2.492215e-06 -0.005082392 0.008554774 -0.005209920 0.05608855 -6.855248e-05
 75 3.770630 -0.0005802845 -2.119031e-06 -0.005078161 0.008555768 -0.005161426 0.05613536 -6.879413e-05
 76 3.762930 -0.0005797799 -1.749486e-06 -0.005073975 0.008556671 -0.005113918 0.05618050 -6.902924e-05
 77 3.755295 -0.0005792775 -1.383511e-06 -0.005069834 0.008557486 -0.005067369 0.05622400 -6.925799e-05
 78 3.747722 -0.0005787778 -1.021037e-06 -0.005065736 0.008558214 -0.005021753 0.05626590 -6.948056e-05
 79 3.740211 -0.0005782813 -6.619988e-07 -0.005061680 0.008558855 -0.004977047 0.05630623 -6.969712e-05
 80 3.732761 -0.0005777885 -3.063339e-07 -0.005057665 0.008559412 -0.004933225 0.05634502 -6.990785e-05
 81 3.725372 -0.0005772998  4.601921e-08 -0.005053690 0.008559884 -0.004890264 0.05638232 -7.011290e-05
 82 3.718042 -0.0005768157  3.951201e-07 -0.005049754 0.008560274 -0.004848143 0.05641814 -7.031243e-05
 83 3.710772 -0.0005763364  7.410262e-07 -0.005045855 0.008560582 -0.004806839 0.05645253 -7.050659e-05
 84 3.703559 -0.0005758623  1.083793e-06 -0.005041994 0.008560809 -0.004766332 0.05648550 -7.069554e-05
 85 3.696404 -0.0005753938  1.423476e-06 -0.005038169 0.008560957 -0.004726600 0.05651709 -7.087940e-05
 86 3.689305 -0.0005749311  1.760126e-06 -0.005034379 0.008561027 -0.004687625 0.05654734 -7.105833e-05
 87 3.682263 -0.0005744746  2.093795e-06 -0.005030624 0.008561019 -0.004649387 0.05657626 -7.123246e-05
 88 3.675276 -0.0005740243  2.424532e-06 -0.005026902 0.008560935 -0.004611869 0.05660388 -7.140191e-05
 89 3.668344 -0.0005735807  2.752385e-06 -0.005023213 0.008560775 -0.004575051 0.05663024 -7.156680e-05
 90 3.661466 -0.0005731438  3.077400e-06 -0.005019555 0.008560541 -0.004538918 0.05665535 -7.172727e-05
 91 3.654641 -0.0005727139  3.399624e-06 -0.005015929 0.008560234 -0.004503452 0.05667924 -7.188342e-05
 92 3.647869 -0.0005722911  3.719101e-06 -0.005012334 0.008559854 -0.004468637 0.05670194 -7.203538e-05
 93 3.641149 -0.0005718756  4.035872e-06 -0.005008768 0.008559403 -0.004434457 0.05672347 -7.218324e-05
 94 3.634481 -0.0005714675  4.349981e-06 -0.005005231 0.008558881 -0.004400897 0.05674385 -7.232713e-05
 95 3.627864 -0.0005710670  4.661467e-06 -0.005001722 0.008558290 -0.004367943 0.05676311 -7.246713e-05
 96 3.621297 -0.0005706741  4.970369e-06 -0.004998242 0.008557630 -0.004335580 0.05678127 -7.260336e-05
 97 3.614779 -0.0005702889  5.276728e-06 -0.004994788 0.008556902 -0.004303794 0.05679835 -7.273591e-05
 98 3.608311 -0.0005699117  5.580579e-06 -0.004991361 0.008556107 -0.004272572 0.05681437 -7.286488e-05
 99 3.601892 -0.0005695423  5.881959e-06 -0.004987959 0.008555246 -0.004241901 0.05682936 -7.299035e-05
100 3.595521 -0.0005691809  6.180905e-06 -0.004984583 0.008554320 -0.004211767 0.05684333 -7.311241e-05
            DIS         RAD       TAX       PTRATIO            B       LSTAT
  0 -0.02381829 0.013571943 -2.578453 -0.0001990776 2.050109e-07 -0.04830280
  1 -0.02346684 0.013505487 -2.565962 -0.0001985317 2.057561e-07 -0.04806734
  2 -0.02312899 0.013439776 -2.553639 -0.0001980049 2.064693e-07 -0.04783600
  3 -0.02280388 0.013374806 -2.541478 -0.0001974959 2.071522e-07 -0.04760864
  4 -0.02249070 0.013310574 -2.529474 -0.0001970034 2.078063e-07 -0.04738514
  5 -0.02218874 0.013247073 -2.517624 -0.0001965265 2.084331e-07 -0.04716538
  6 -0.02189731 0.013184297 -2.505923 -0.0001960639 2.090339e-07 -0.04694924
  7 -0.02161581 0.013122238 -2.494367 -0.0001956150 2.096099e-07 -0.04673663
  8 -0.02134367 0.013060888 -2.482952 -0.0001951787 2.101624e-07 -0.04652743
  9 -0.02108037 0.013000238 -2.471676 -0.0001947543 2.106923e-07 -0.04632154
 10 -0.02082542 0.012940279 -2.460535 -0.0001943411 2.112007e-07 -0.04611887
 11 -0.02057839 0.012881000 -2.449525 -0.0001939384 2.116886e-07 -0.04591933
 12 -0.02033886 0.012822391 -2.438644 -0.0001935457 2.121569e-07 -0.04572282
 13 -0.02010644 0.012764443 -2.427889 -0.0001931623 2.126063e-07 -0.04552926
 14 -0.01988078 0.012707144 -2.417257 -0.0001927878 2.130377e-07 -0.04533858
 15 -0.01966156 0.012650484 -2.406746 -0.0001924216 2.134519e-07 -0.04515068
 16 -0.01944845 0.012594453 -2.396353 -0.0001920632 2.138496e-07 -0.04496550
 17 -0.01924117 0.012539040 -2.386076 -0.0001917123 2.142313e-07 -0.04478296
 18 -0.01903946 0.012484234 -2.375912 -0.0001913685 2.145978e-07 -0.04460300
 19 -0.01884305 0.012430025 -2.365859 -0.0001910314 2.149497e-07 -0.04442554
 20 -0.01865172 0.012376403 -2.355916 -0.0001907007 2.152874e-07 -0.04425052
 21 -0.01846524 0.012323357 -2.346079 -0.0001903759 2.156116e-07 -0.04407788
 22 -0.01828340 0.012270877 -2.336348 -0.0001900570 2.159228e-07 -0.04390756
 23 -0.01810600 0.012218954 -2.326719 -0.0001897435 2.162213e-07 -0.04373950
 24 -0.01793287 0.012167577 -2.317192 -0.0001894351 2.165078e-07 -0.04357364
 25 -0.01776383 0.012116737 -2.307764 -0.0001891318 2.167826e-07 -0.04340993
 26 -0.01759872 0.012066424 -2.298434 -0.0001888331 2.170462e-07 -0.04324832
 27 -0.01743737 0.012016628 -2.289200 -0.0001885390 2.172989e-07 -0.04308875
 28 -0.01727965 0.011967342 -2.280060 -0.0001882492 2.175411e-07 -0.04293119
 29 -0.01712541 0.011918555 -2.271013 -0.0001879634 2.177732e-07 -0.04277558
 30 -0.01697453 0.011870259 -2.262057 -0.0001876816 2.179956e-07 -0.04262187
 31 -0.01682688 0.011822445 -2.253190 -0.0001874036 2.182085e-07 -0.04247003
 32 -0.01668235 0.011775105 -2.244412 -0.0001871292 2.184122e-07 -0.04232000
 33 -0.01654081 0.011728230 -2.235721 -0.0001868582 2.186071e-07 -0.04217176
 34 -0.01640217 0.011681813 -2.227115 -0.0001865905 2.187935e-07 -0.04202526
 35 -0.01626632 0.011635845 -2.218593 -0.0001863260 2.189716e-07 -0.04188045
 36 -0.01613318 0.011590319 -2.210153 -0.0001860645 2.191417e-07 -0.04173732
 37 -0.01600264 0.011545227 -2.201795 -0.0001858059 2.193040e-07 -0.04159580
 38 -0.01587462 0.011500561 -2.193518 -0.0001855502 2.194588e-07 -0.04145589
 39 -0.01574904 0.011456315 -2.185319 -0.0001852971 2.196064e-07 -0.04131753
 40 -0.01562582 0.011412481 -2.177197 -0.0001850466 2.197469e-07 -0.04118070
 41 -0.01550488 0.011369053 -2.169153 -0.0001847987 2.198805e-07 -0.04104536
 42 -0.01538616 0.011326023 -2.161183 -0.0001845531 2.200075e-07 -0.04091149
 43 -0.01526957 0.011283384 -2.153288 -0.0001843099 2.201280e-07 -0.04077905
 44 -0.01515507 0.011241132 -2.145466 -0.0001840688 2.202423e-07 -0.04064802
 45 -0.01504258 0.011199258 -2.137716 -0.0001838300 2.203506e-07 -0.04051836
 46 -0.01493204 0.011157757 -2.130037 -0.0001835932 2.204529e-07 -0.04039006
 47 -0.01482339 0.011116623 -2.122428 -0.0001833584 2.205495e-07 -0.04026307
 48 -0.01471659 0.011075850 -2.114888 -0.0001831256 2.206406e-07 -0.04013739
 49 -0.01461157 0.011035432 -2.107416 -0.0001828946 2.207262e-07 -0.04001297
 50 -0.01450829 0.010995363 -2.100012 -0.0001826655 2.208066e-07 -0.03988981
 51 -0.01440670 0.010955638 -2.092673 -0.0001824381 2.208819e-07 -0.03976787
 52 -0.01430675 0.010916252 -2.085399 -0.0001822124 2.209522e-07 -0.03964713
 53 -0.01420840 0.010877199 -2.078190 -0.0001819884 2.210177e-07 -0.03952757
 54 -0.01411159 0.010838474 -2.071044 -0.0001817659 2.210785e-07 -0.03940916
 55 -0.01401630 0.010800072 -2.063961 -0.0001815450 2.211347e-07 -0.03929190
 56 -0.01392248 0.010761988 -2.056939 -0.0001813256 2.211865e-07 -0.03917574
 57 -0.01383009 0.010724217 -2.049978 -0.0001811076 2.212339e-07 -0.03906069
 58 -0.01373909 0.010686755 -2.043077 -0.0001808911 2.212771e-07 -0.03894671
 59 -0.01364945 0.010649597 -2.036235 -0.0001806759 2.213163e-07 -0.03883378
 60 -0.01356114 0.010612737 -2.029452 -0.0001804620 2.213514e-07 -0.03872190
 61 -0.01347411 0.010576173 -2.022726 -0.0001802495 2.213826e-07 -0.03861103
 62 -0.01338835 0.010539899 -2.016057 -0.0001800382 2.214100e-07 -0.03850117
 63 -0.01330381 0.010503912 -2.009445 -0.0001798281 2.214338e-07 -0.03839229
 64 -0.01322048 0.010468206 -2.002887 -0.0001796192 2.214539e-07 -0.03828438
 65 -0.01313831 0.010432779 -1.996385 -0.0001794114 2.214705e-07 -0.03817742
 66 -0.01305728 0.010397625 -1.989936 -0.0001792048 2.214837e-07 -0.03807140
 67 -0.01297736 0.010362742 -1.983541 -0.0001789993 2.214936e-07 -0.03796630
 68 -0.01289854 0.010328125 -1.977198 -0.0001787949 2.215002e-07 -0.03786210
 69 -0.01282078 0.010293771 -1.970907 -0.0001785915 2.215036e-07 -0.03775880
 70 -0.01274405 0.010259676 -1.964668 -0.0001783891 2.215040e-07 -0.03765637
 71 -0.01266834 0.010225836 -1.958479 -0.0001781877 2.215013e-07 -0.03755481
 72 -0.01259362 0.010192248 -1.952340 -0.0001779873 2.214956e-07 -0.03745409
 73 -0.01251988 0.010158908 -1.946250 -0.0001777879 2.214871e-07 -0.03735421
 74 -0.01244708 0.010125813 -1.940209 -0.0001775893 2.214758e-07 -0.03725515
 75 -0.01237521 0.010092960 -1.934217 -0.0001773917 2.214618e-07 -0.03715690
 76 -0.01230425 0.010060346 -1.928272 -0.0001771949 2.214450e-07 -0.03705945
 77 -0.01223417 0.010027967 -1.922374 -0.0001769991 2.214257e-07 -0.03696278
 78 -0.01216497 0.009995820 -1.916522 -0.0001768040 2.214038e-07 -0.03686689
 79 -0.01209661 0.009963902 -1.910716 -0.0001766098 2.213794e-07 -0.03677175
 80 -0.01202909 0.009932210 -1.904955 -0.0001764164 2.213526e-07 -0.03667737
 81 -0.01196239 0.009900742 -1.899240 -0.0001762238 2.213234e-07 -0.03658372
 82 -0.01189648 0.009869494 -1.893568 -0.0001760320 2.212919e-07 -0.03649081
 83 -0.01183136 0.009838463 -1.887940 -0.0001758410 2.212582e-07 -0.03639860
 84 -0.01176701 0.009807648 -1.882355 -0.0001756507 2.212222e-07 -0.03630711
 85 -0.01170340 0.009777044 -1.876813 -0.0001754611 2.211841e-07 -0.03621631
 86 -0.01164054 0.009746649 -1.871313 -0.0001752722 2.211438e-07 -0.03612620
 87 -0.01157839 0.009716462 -1.865855 -0.0001750841 2.211015e-07 -0.03603676
 88 -0.01151696 0.009686478 -1.860438 -0.0001748966 2.210572e-07 -0.03594799
 89 -0.01145622 0.009656697 -1.855062 -0.0001747099 2.210109e-07 -0.03585988
 90 -0.01139616 0.009627114 -1.849726 -0.0001745238 2.209627e-07 -0.03577241
 91 -0.01133677 0.009597728 -1.844429 -0.0001743383 2.209125e-07 -0.03568559
 92 -0.01127804 0.009568537 -1.839172 -0.0001741535 2.208606e-07 -0.03559939
 93 -0.01121995 0.009539537 -1.833954 -0.0001739694 2.208068e-07 -0.03551382
 94 -0.01116249 0.009510728 -1.828774 -0.0001737858 2.207513e-07 -0.03542886
 95 -0.01110565 0.009482106 -1.823633 -0.0001736029 2.206941e-07 -0.03534451
 96 -0.01104942 0.009453669 -1.818528 -0.0001734206 2.206352e-07 -0.03526075
 97 -0.01099379 0.009425415 -1.813461 -0.0001732388 2.205746e-07 -0.03517758
 98 -0.01093874 0.009397342 -1.808431 -0.0001730577 2.205125e-07 -0.03509499
 99 -0.01088427 0.009369448 -1.803437 -0.0001728771 2.204487e-07 -0.03501298
100 -0.01083037 0.009341731 -1.798479 -0.0001726971 2.203835e-07 -0.03493153
> 